# conv2d +20epoch +train_val
0.6069 0.6875
0.7152 0.7635
0.7565 0.7702
0.7791 0.7949
0.7928 0.8052
0.8026 0.8140
0.8100 0.8035
0.8149 0.8289
0.8192 0.8273
0.8225 0.8340
0.8254 0.8264
0.8278 0.8409
0.8300 0.8144
0.8319 0.8199
0.8333 0.8427
0.8350 0.8296
0.8366 0.8309
0.8377 0.8389
0.8390 0.8378
0.8398 0.8387
# mixconv +20epoch +train_val
0.6360 0.7534
0.7678 0.7782
0.8053 0.8068
0.8268 0.8139
0.8417 0.8327
0.8523 0.8355
0.8621 0.8343
0.8695 0.8406
0.8754 0.8421
0.8811 0.8445
0.8858 0.8430
0.8899 0.8478
0.8940 0.8498
0.8972 0.8406
0.9002 0.8529
0.9030 0.8551
0.9059 0.8562
0.9079 0.8514
0.9100 0.8531
0.9121 0.8563
